#!/bin/bash

#$ -N frame400
#$ -cwd
#$ -q mag21*,mag22*
#$ -pe mpi* 32
#$ -o $JOB_NAME.out

source /etc/profile.d/modules.sh
module load apps/adf/2022

DIR=$(pwd)

#cd $TMPDIR

AMS_JOBNAME=$JOB_NAME $AMSBIN/ams << eor

Task SinglePoint

Engine ADF
    Basis
        Type TZP
        core small
        createoutput no
    End
    XC
        GGA BP86
    End
    Title DESC input file
    Solvation
        Surf Delley
        Solv name=Dichloromethane cav0=0.0 cav1=0.0067639
        Charged method=CONJ
        C-Mat POT
        SCF VAR ALL
        CSMRSP
    End
    NumericalQuality Good
EndEngine

System
    Atoms
W    16.901   29.735    1.903
W    18.211   31.681   -0.530
W    20.200   29.564    1.173
W    19.475   28.952   -2.071
W    18.168   27.003    0.363
W    16.180   29.119   -1.343
O    15.955   30.020    3.357
O    17.118   27.792    1.903
O    18.744   29.839    2.550
O    17.149   31.536    1.184
O    15.525   29.484    0.536
O    16.603   31.029   -1.438
O    19.808   31.381    0.562
O    21.681   29.735    2.100
O    18.228   33.405   -0.858
O    18.189   29.343   -0.085
O    20.421   28.667   -3.524
O    19.264   30.896   -2.066
O    17.635   28.847   -2.722
O    19.224   27.150   -1.356
O    20.853   29.203   -0.705
O    19.771   27.658    1.274
O    16.571   27.302   -0.728
O    14.700   28.959   -2.269
O    18.157   25.280    0.694
Gh.H   18.970   26.620    4.970 adf.r=1.871
Gh.H   22.580   32.250   -2.000 adf.r=1.871
Gh.H   17.370   25.400   -4.290 adf.r=1.871
Gh.H   13.380   32.540    0.350 adf.r=1.871
    End
    Charge -4
    ElectrostaticEmbedding
        MultipolePotential
            Coordinates
  12.760   31.970    0.050 0.001374
  18.320   24.790   -3.940 0.001374
  22.070   32.870   -3.100 0.001374
  22.150   27.770    4.820 0.001374
  11.990   29.940    0.890 0.001374
  17.640   25.230   -4.410 0.001374
  22.370   33.260   -2.050 0.001374
  19.590   25.880    4.670 0.001374
  12.980   32.350   -0.060 0.001374
  17.020   24.830   -3.920 0.001374
  23.830   30.580   -1.440 0.001374
  17.640   26.960    5.430 0.001374
  13.870   33.300    0.930 0.001374
  17.090   25.930   -4.930 0.001374
  22.700   32.520   -2.380 0.001374
  20.200   28.440    5.500 0.001374
  13.450   32.610    2.380 0.001374
  16.930   25.610   -4.600 0.001374
  23.770   30.950   -1.450 0.001374
  20.210   26.540    4.970 0.001374
  13.200   32.430    1.290 0.001374
  19.210   24.400   -3.600 0.001374
  23.910   32.300   -0.880 0.001374
  17.740   25.290    4.480 0.001374
  13.850   33.480   -0.180 0.001374
  15.730   25.050   -3.420 0.001374
  24.010   29.020   -1.730 0.001374
  19.380   27.360    5.410 0.001374
  13.460   32.870   -1.160 0.001374
  16.110   26.320   -4.730 0.001374
  23.980   30.050   -2.200 0.001374
  19.790   27.090    5.170 0.001374
  18.580   32.370   -5.290 0.001374
  13.280   26.770    2.110 0.001374
  19.500   24.650   -3.500 0.001374
  20.360   33.980    3.020 0.001374
  21.880   32.830   -3.020 0.001374
  12.600   27.600    1.050 0.001374
  16.880   24.970   -3.750 0.001374
  20.590   33.540    3.520 0.001374
  21.560   33.060   -3.400 0.001374
  12.590   27.460    1.040 0.001374
  17.420   25.750   -4.870 0.001374
  19.880   32.310    5.030 0.001374
  16.240   32.130   -4.850 0.001374
  13.450   26.290    1.730 0.001374
  22.790   25.590   -0.280 0.001374
  18.430   34.090    3.540 0.001374
  22.800   32.240   -2.800 0.001374
  13.570   26.950    2.620 0.001374
  18.540   25.240   -4.480 0.001374
  18.300   33.410    4.230 0.001374
  18.230   31.370   -6.110 0.001374
  14.860   26.360    4.210 0.001374
  22.090   25.050    0.460 0.001374
  18.540   34.080    3.550 0.001374
  16.330   34.120   -3.870 0.001374
  18.740   26.590    5.040 0.001374
  17.830   24.670   -4.000 0.001374
  21.020   33.250    3.720 0.001374
  16.290   31.250   -5.210 0.001374
  14.360   25.920    2.770 0.001374
  22.580   25.030   -1.410 0.001374
  17.870   34.060    4.000 0.001374
  16.240   32.780   -4.440 0.001374
  13.340   26.290    0.910 0.001374
  23.470   26.740   -0.220 0.001374
  19.430   33.990    3.530 0.001374
  16.750   31.330   -5.320 0.001374
  12.540   27.910    1.560 0.001374
  23.380   26.720   -2.230 0.001374
  19.480   32.800    4.500 0.001374
  17.390   31.290   -5.500 0.001374
  12.000   27.500    0.250 0.001374
  22.810   25.550   -0.050 0.001374
  18.880   32.750    4.550 0.001374
  17.810   33.000   -5.070 0.001374
  14.080   25.870    2.820 0.001374
  21.370   24.660   -3.620 0.001374
  19.570   33.690    3.920 0.001374
  16.590   30.930   -5.650 0.001374
  13.930   25.960    2.510 0.001374
  22.380   25.290    0.460 0.001374
  19.990   32.440    4.770 0.001374
  12.940   32.350   -0.090 0.001374
  18.840   28.120    6.000 0.001374
  15.980   23.960   -2.880 0.001374
  22.690   33.440   -1.530 0.001374
  13.040   32.290    0.120 0.001374
  19.470   28.500    5.930 0.001374
  17.100   26.010   -4.690 0.001374
  23.970   31.430   -0.880 0.001374
  13.850   32.920    0.760 0.001374
  19.050   32.050    5.590 0.001374
  16.700   25.540   -4.440 0.001374
  23.410   31.300   -2.390 0.001374
  14.530   25.960    3.320 0.001374
  15.420   33.020   -4.710 0.001374
  18.820   24.350   -3.620 0.001374
  19.650   31.740    5.230 0.001374
  17.390   24.930   -3.950 0.001374
  17.590   32.470   -5.070 0.001374
  21.130   25.750    3.770 0.001374
  22.560   33.260   -0.850 0.001374
  16.000   24.970   -3.370 0.001374
  16.890   33.330   -4.670 0.001374
  19.720   26.070    4.500 0.001374
  23.220   31.610   -2.340 0.001374
  17.150   25.540   -4.570 0.001374
  17.230   32.500   -4.830 0.001374
  19.890   27.820    5.600 0.001374
  23.710   32.400   -0.700 0.001374
  19.310   24.160   -3.020 0.001374
  16.080   32.200   -4.680 0.001374
  19.070   27.230    5.290 0.001374
  21.930   33.740   -1.970 0.001374
  17.260   24.520   -3.360 0.001374
  13.840   32.990   -1.440 0.001374
  16.510   26.170    4.860 0.001374
  22.940   32.890   -1.510 0.001374
  17.380   30.740   -5.810 0.001374
  13.200   32.530    0.340 0.001374
  17.500   26.450    4.960 0.001374
  22.530   33.730   -0.780 0.001374
  16.740   31.330   -5.630 0.001374
  12.050   27.980    0.210 0.001374
  20.030   25.980    4.310 0.001374
  24.100   30.850   -1.410 0.001374
  16.090   30.670   -5.790 0.001374
  13.470   25.700   -0.510 0.001374
  19.930   28.640    5.380 0.001374
  22.790   32.310   -2.200 0.001374
  16.670   26.560   -4.790 0.001374
  13.020   31.910    0.600 0.001374
  22.030   33.000   -2.920 0.001374
  22.300   25.140   -1.280 0.001374
  12.840   27.730    2.790 0.001374
  18.740   28.990    5.960 0.001374
  18.730   33.520   -4.560 0.001374
  16.980   26.480   -5.320 0.001374
  13.350   32.580    0.080 0.001374
  19.390   29.380    5.910 0.001374
  22.200   33.990   -2.200 0.001374
  18.070   25.370   -4.940 0.001374
  12.810   27.400    1.450 0.001374
  19.780   27.270    5.080 0.001374
  23.340   32.420   -0.540 0.001374
  18.410   24.940   -4.480 0.001374
  12.790   27.710    1.330 0.001374
  19.710   27.840    5.660 0.001374
  23.710   31.470   -1.610 0.001374
  16.730   25.710   -4.850 0.001374
  12.780   27.500    1.620 0.001374
  21.730   25.850    3.410 0.001374
  21.150   33.060    4.040 0.001374
  17.110   29.190   -6.270 0.001374
  13.450   25.930    0.430 0.001374
  18.900   25.860    4.910 0.001374
  22.150   33.770    1.160 0.001374
  16.000   25.230   -3.730 0.001374
  14.140   33.370    1.030 0.001374
  18.460   26.510    5.140 0.001374
  23.060   32.010   -2.390 0.001374
  15.530   24.360   -2.180 0.001374
  14.060   33.640   -0.360 0.001374
  18.830   28.850    5.890 0.001374
  23.020   32.680   -1.030 0.001374
  17.460   27.300   -5.780 0.001374
  13.610   33.590   -0.300 0.001374
  19.680   25.160    4.370 0.001374
  23.600   32.250   -0.480 0.001374
  17.510   26.150   -5.040 0.001374
  14.380   33.850    1.210 0.001374
  20.410   25.650    4.570 0.001374
  23.330   32.860   -0.030 0.001374
  16.550   24.570   -3.010 0.001374
  13.600   33.240   -0.300 0.001374
  20.390   27.810    5.270 0.001374
  23.310   32.190   -0.990 0.001374
  17.540   25.630   -4.690 0.001374
  13.400   32.640    1.670 0.001374
  17.140   25.310    4.570 0.001374
  21.770   33.300   -2.860 0.001374
  16.100   27.290   -5.360 0.001374
  16.140   34.630    2.860 0.001374
  14.770   25.940    3.890 0.001374
  23.760   27.000   -0.830 0.001374
  18.210   25.720   -4.880 0.001374
  19.480   33.790    3.660 0.001374
  12.630   27.920    1.990 0.001374
  23.360   26.260   -0.920 0.001374
  16.670   25.860   -4.800 0.001374
  20.290   32.640    4.690 0.001374
  13.120   32.340   -0.470 0.001374
  23.120   26.500   -1.400 0.001374
  20.010   25.440    4.110 0.001374
  22.790   32.930   -0.700 0.001374
  13.940   33.470    0.950 0.001374
  17.490   24.500   -3.890 0.001374
  19.840   26.800    5.120 0.001374
  22.090   32.800   -2.980 0.001374
  17.550   33.610    3.950 0.001374
  16.170   24.650   -2.760 0.001374
  16.660   26.680    5.060 0.001374
  23.950   31.370   -1.220 0.001374
  17.390   33.620    4.230 0.001374
  18.170   24.740   -3.890 0.001374
  20.510   26.260    4.380 0.001374
  22.960   32.200   -2.040 0.001374
  13.560   33.060    1.580 0.001374
  16.240   24.250   -2.750 0.001374
  19.110   25.970    5.010 0.001374
  23.490   32.760   -0.240 0.001374
  13.620   33.320   -1.300 0.001374
  19.420   23.760   -2.610 0.001374
  18.820   28.180    5.550 0.001374
  23.690   27.100   -0.720 0.001374
  13.500   33.000   -0.980 0.001374
  17.000   26.370   -5.280 0.001374
  20.920   26.350    4.270 0.001374
  22.360   32.930   -2.550 0.001374
  14.080   33.090    2.280 0.001374
  16.370   25.830   -4.270 0.001374
  22.550   25.240    0.710 0.001374
  21.690   32.890   -3.180 0.001374
  13.840   33.180    1.750 0.001374
  14.040   25.750   -3.630 0.001374
  19.470   26.770    4.900 0.001374
  22.520   33.620   -1.490 0.001374
  12.810   32.030    0.720 0.001374
  18.590   24.920   -3.980 0.001374
  21.500   24.850    2.450 0.001374
  22.940   32.930   -1.820 0.001374
  14.690   33.880    0.280 0.001374
  13.890   25.200    0.930 0.001374
  22.260   24.790    0.300 0.001374
  21.970   32.620   -4.250 0.001374
  14.380   34.280   -0.660 0.001374
  14.470   25.960    3.000 0.001374
  18.870   24.400   -3.690 0.001374
  18.980   32.390   -5.180 0.001374
  18.870   34.290    3.920 0.001374
  19.330   24.390    4.000 0.001374
  17.240   24.580   -3.660 0.001374
  22.540   33.560   -1.090 0.001374
  13.130   32.540    0.500 0.001374
  16.780   25.200    4.060 0.001374
  17.000   24.690   -3.580 0.001374
  22.750   33.030   -0.710 0.001374
  13.390   33.180    1.010 0.001374
  18.110   27.220    5.530 0.001374
  15.850   30.260   -5.600 0.001374
  23.990   30.990   -1.020 0.001374
  18.980   33.070    4.450 0.001374
  13.840   25.170   -0.090 0.001374
  15.940   32.520   -4.530 0.001374
  23.220   26.230   -0.830 0.001374
  19.320   32.730    4.680 0.001374
  14.130   25.460    2.080 0.001374
  17.280   29.790   -6.260 0.001374
  23.410   26.080    0.320 0.001374
  17.840   34.480    3.420 0.001374
  13.700   25.530    0.630 0.001374
  16.220   30.440   -5.780 0.001374
  22.860   25.840   -1.320 0.001374
  19.810   31.820    5.230 0.001374
  14.230   24.660    0.280 0.001374
  18.850   32.860   -4.720 0.001374
  23.160   25.940   -0.480 0.001374
  18.900   33.670    3.800 0.001374
  14.890   24.450    1.980 0.001374
  18.730   30.070   -6.530 0.001374
  23.030   25.790    1.340 0.001374
  18.290   33.860    3.840 0.001374
  13.380   25.900    0.590 0.001374
  17.280   30.590   -5.950 0.001374
  23.950   29.110   -2.550 0.001374
  19.390   31.940    5.200 0.001374
  12.850   27.480    2.270 0.001374
  18.340   33.480   -4.570 0.001374
  22.800   25.740    0.510 0.001374
  20.740   32.750    3.910 0.001374
  14.090   25.420    2.120 0.001374
  18.440   31.680   -5.760 0.001374
  23.260   26.460    0.840 0.001374
  18.460   33.410    4.110 0.001374
  13.580   26.020    2.090 0.001374
  15.760   32.120   -4.640 0.001374
  22.640   25.840    1.820 0.001374
  18.350   33.560    4.180 0.001374
  14.390   25.670    2.540 0.001374
  18.620   32.550   -4.940 0.001374
  23.730   26.870   -1.180 0.001374
  11.780   30.630   -0.450 0.001374
  16.940   26.360    5.300 0.001374
  22.270   32.440   -3.210 0.001374
  22.450   25.330   -1.650 0.001374
  13.650   32.870    1.380 0.001374
  16.300   25.380    4.280 0.001374
  22.100   32.680   -2.650 0.001374
  22.610   25.170   -1.080 0.001374
  12.620   31.470   -0.250 0.001374
  17.320   26.490    5.360 0.001374
  23.320   31.590   -1.930 0.001374
  22.270   25.150   -1.030 0.001374
  14.430   33.960   -1.430 0.001374
  17.220   28.790    7.100 0.001374
  22.160   33.250   -2.060 0.001374
  19.450   26.120   -5.400 0.001374
  12.540   31.700    0.590 0.001374
  19.410   26.170    4.850 0.001374
  21.740   31.670   -4.720 0.001374
  17.380   25.650   -4.570 0.001374
  13.800   33.490   -0.070 0.001374
  16.090   26.650    4.930 0.001374
  24.230   30.480   -0.840 0.001374
  15.980   24.410   -3.070 0.001374
  14.440   33.630    0.680 0.001374
  19.320   26.070    4.700 0.001374
  23.370   31.900   -1.880 0.001374
  16.120   32.190   -4.770 0.001374
  12.500   27.630    2.300 0.001374
  21.110   26.630    4.610 0.001374
  23.060   32.900   -0.680 0.001374
  14.330   33.680   -2.300 0.001374
  13.820   26.440    3.500 0.001374
  19.590   29.170    5.750 0.001374
  22.960   32.800   -1.710 0.001374
  14.610   34.190    2.270 0.001374
  17.970   24.640   -3.530 0.001374
  19.730   29.770    5.830 0.001374
  23.690   31.730   -0.970 0.001374
  14.010   33.610    0.850 0.001374
  17.020   24.220   -3.060 0.001374
  13.580   26.430    2.660 0.001374
  22.420   33.210   -0.960 0.001374
  14.310   33.580    0.860 0.001374
  18.650   23.850   -2.820 0.001374
  19.950   26.600    5.150 0.001374
  22.920   33.370   -0.620 0.001374
  12.360   31.350   -0.120 0.001374
  18.110   25.270   -4.620 0.001374
  17.950   26.700    5.390 0.001374
  21.700   34.240   -0.140 0.001374
  12.800   31.490    1.210 0.001374
  17.080   26.700   -5.250 0.001374
  19.450   25.950    4.490 0.001374
  23.440   32.670   -0.700 0.001374
  14.190   33.190   -2.050 0.001374
  23.230   26.530    0.880 0.001374
  13.670   25.800    2.250 0.001374
  22.260   32.810   -2.330 0.001374
  13.120   32.290   -1.810 0.001374
  20.840   23.410   -1.660 0.001374
  18.550   26.720    5.140 0.001374
  22.460   32.700   -2.430 0.001374
  13.350   32.290    1.460 0.001374
  15.900   25.800   -4.750 0.001374
  19.400   26.850    5.170 0.001374
  22.680   32.250   -2.580 0.001374
  14.060   26.240    3.000 0.001374
  16.860   25.340   -4.530 0.001374
  18.560   33.810    3.560 0.001374
  22.360   32.830   -2.940 0.001374
  19.790   27.800    5.450 0.001374
  15.370   26.410   -4.700 0.001374
  14.920   34.200    1.540 0.001374
  23.470   31.750   -0.760 0.001374
  18.690   28.300    5.560 0.001374
  16.940   25.770   -4.680 0.001374
  14.510   33.840   -1.830 0.001374
  22.530   33.080   -0.840 0.001374
  19.640   27.540    5.350 0.001374
  16.730   24.920   -3.610 0.001374
  14.780   34.330    1.800 0.001374
  23.560   31.380   -1.530 0.001374
  18.360   27.530    5.710 0.001374
  18.650   24.420   -3.700 0.001374
  12.340   27.890    0.760 0.001374
  14.660   33.820    1.380 0.001374
  23.370   26.310   -1.120 0.001374
  16.390   30.860   -5.680 0.001374
  15.330   25.460    4.090 0.001374
  16.920   33.070    5.090 0.001374
  23.580   26.650   -0.470 0.001374
  16.470   32.560   -4.860 0.001374
  14.470   24.810    0.510 0.001374
  17.910   33.220   -5.070 0.001374
  21.940   24.710   -1.990 0.001374
  19.360   32.880    4.550 0.001374
  12.410   27.680    0.830 0.001374
  17.760   31.580   -5.520 0.001374
  20.130   22.430   -0.260 0.001374
  19.450   34.490    2.870 0.001374
  13.900   25.840    1.950 0.001374
  16.790   32.520   -5.010 0.001374
  22.600   25.580   -0.990 0.001374
  19.650   28.240    5.650 0.001374
  12.800   26.750    0.500 0.001374
            End
        End
    End
End
eor

mv ${JOB_NAME}.results/adf.rkf $DIR/$JOB_NAME.rkf
